params:
  diffusion:
    I: 0.00002
    E: 0.00002
    A: 0.00002
    B: 0.00002
    G_off: 0.00002
    G_on: 0.00002
    GAP: 0.00002
    GEF: 0.00002
    IA: 0.00002
    IG_on: 0.00002
    EG_on: 0.00002
    EBG_on: 0.00002
    NTF: 0.00002
    NTF_G_off: 0.00002
  reaction:
    GAP: 1
    GAP_I: 1
    GAP_E: 1
    GAP_EB: 1
    GEF: 1
    I_BINDING: 1
    I_RELEASE: 1
    EG_on_BINDING: 1
    EBG_on_BINDING: 1
    NTF_G_BINDING: 1
    NTF_G_RELEASE: 1
    A_prod: 1
    B_prod: 1
    G_intr: 0.02
    IG_intr: 0.02
    EG_intr: 0.02
    EBG_intr: 0.02
  barrier:  # what gets past the barrier, and with what crossing rate
    I: 2.4
    E: 2.4
    IA: 2.4
    IG_on: 2.4
    EG_on: 2.4
    EBG_on: 2.4
    NTF: 2.4
    NTF_G_off: 2.4
  n_species:
    A: 
      0: 0
    B:
      1: 0
    I: 
      0: 100
    E:
      1: 100
    NTF:
      0: 100
    GAP:
      0: 200
    GEF:
      1: 200
    G_on:
      1: 100
    G_off:
      0: 100