params:
  diffusion:
    I: 0.00002
    E: 0.00002
    A: 0.00002
    B: 0.00002
    G_off: 0.00002
    G_on: 0.00002
    GAP: 0.00002
    GEF: 0.00002
    IA: 0.00002
    IG_on: 0.00002
    EG_on: 0.00002
    EBG_on: 0.00002
    NTF: 0.00002
    NTF_G_off: 0.00002
  reaction:
    GAP: 10
    GAP_I: 10
    GAP_E: 10
    GAP_EB: 10
    GEF: 10
    I_BINDING: 10
    I_RELEASE: 10
    EG_on_BINDING: 10
    EBG_on_BINDING: 2
    NTF_G_BINDING: 10
    NTF_G_RELEASE: 10
    A_prod: 10
    B_prod: 10
    G_intr: 0.1
    IG_intr: 0.1
    EG_intr: 0.1
    EBG_intr: 0.1
  barrier:  # what gets past the barrier, and with what crossing rate
    I: 60
    E: 60
    IA: 60
    IG_on: 60
    EG_on: 60
    EBG_on: 60
    NTF: 70
    NTF_G_off: 70
  n_species:
    A: 
      0: 0
    B:
      9: 0
    I: 
      4: 100
    E:
      5: 100
    NTF:
      4: 100
    GAP:
      4: 200
    GEF:
      5: 200
    G_on:
      5: 100
    G_off:
      4: 100